1001	1001	1	1002	0	0	0	0	0
1006	1006	1	1007	0	0	0	0	0
1011	1011	1	1012	0	0	0	0	0
1002	1002	1	1003	0	0	0	0	0
1007	1007	1	1008	0	0	0	0	0
1012	1012	1	1013	0	0	0	0	0
1003	1003	1	1004	0	0	0	0	0
1008	1008	1	1009	0	0	0	0	0
1013	1013	1	1014	0	0	0	0	0
1004	1004	1	1005	0	0	0	0	0
1009	1009	1	1010	0	0	0	0	0
1014	1014	1	1015	0	0	0	0	0
2001	2001	1	2002	0	0	0	0	0
2006	2006	1	2007	0	0	0	0	0
2011	2011	1	2012	0	0	0	0	0
2016	2016	1	2017	0	0	0	0	0
2021	2021	1	2022	0	0	0	0	0
2026	2026	1	2027	0	0	0	0	0
2002	2002	1	2003	0	0	0	0	0
2007	2007	1	2008	0	0	0	0	0
2012	2012	1	2013	0	0	0	0	0
2017	2017	1	2018	0	0	0	0	0
2022	2022	1	2023	0	0	0	0	0
2027	2027	1	2028	0	0	0	0	0
2003	2003	1	2004	0	0	0	0	0
2008	2008	1	2009	0	0	0	0	0
2013	2013	1	2014	0	0	0	0	0
2018	2018	1	2019	0	0	0	0	0
2023	2023	1	2024	0	0	0	0	0
2028	2028	1	2029	0	0	0	0	0
2004	2004	1	2005	0	0	0	0	0
2009	2009	1	2010	0	0	0	0	0
2014	2014	1	2015	0	0	0	0	0
2019	2019	1	2020	0	0	0	0	0
2024	2024	1	2025	0	0	0	0	0
2029	2029	1	2030	0	0	0	0	0
1001	2001	1	3001	0	0	0	0	0
1006	2001	1	3002	0	0	0	0	0
1011	2001	1	3003	0	0	0	0	0
1001	2006	1	3016	0	0	0	0	0
1006	2006	1	3017	0	0	0	0	0
1011	2006	1	3018	0	0	0	0	0
1001	2011	1	3031	0	0	0	0	0
1006	2011	1	3032	0	0	0	0	0
1011	2011	1	3033	0	0	0	0	0
1001	2016	1	3046	0	0	0	0	0
1006	2016	1	3047	0	0	0	0	0
1011	2016	1	3048	0	0	0	0	0
1001	2021	1	3061	0	0	0	0	0
1006	2021	1	3062	0	0	0	0	0
1011	2021	1	3063	0	0	0	0	0
1001	2026	1	3076	0	0	0	0	0
1006	2026	1	3077	0	0	0	0	0
1011	2026	1	3078	0	0	0	0	0
1002	2002	1	3004	0	0	0	0	0
1007	2002	1	3005	0	0	0	0	0
1012	2002	1	3006	0	0	0	0	0
1002	2007	1	3019	0	0	0	0	0
1007	2007	1	3020	0	0	0	0	0
1012	2007	1	3021	0	0	0	0	0
1002	2012	1	3034	0	0	0	0	0
1007	2012	1	3035	0	0	0	0	0
1012	2012	1	3036	0	0	0	0	0
1002	2017	1	3049	0	0	0	0	0
1007	2017	1	3050	0	0	0	0	0
1012	2017	1	3051	0	0	0	0	0
1002	2022	1	3064	0	0	0	0	0
1007	2022	1	3065	0	0	0	0	0
1012	2022	1	3066	0	0	0	0	0
1002	2027	1	3079	0	0	0	0	0
1007	2027	1	3080	0	0	0	0	0
1012	2027	1	3081	0	0	0	0	0
1003	2003	1	3007	0	0	0	0	0
1008	2003	1	3008	0	0	0	0	0
1013	2003	1	3009	0	0	0	0	0
1003	2008	1	3022	0	0	0	0	0
1008	2008	1	3023	0	0	0	0	0
1013	2008	1	3024	0	0	0	0	0
1003	2013	1	3037	0	0	0	0	0
1008	2013	1	3038	0	0	0	0	0
1013	2013	1	3039	0	0	0	0	0
1003	2018	1	3052	0	0	0	0	0
1008	2018	1	3053	0	0	0	0	0
1013	2018	1	3054	0	0	0	0	0
1003	2023	1	3067	0	0	0	0	0
1008	2023	1	3068	0	0	0	0	0
1013	2023	1	3069	0	0	0	0	0
1003	2028	1	3082	0	0	0	0	0
1008	2028	1	3083	0	0	0	0	0
1013	2028	1	3084	0	0	0	0	0
1004	2004	1	3010	0	0	0	0	0
1009	2004	1	3011	0	0	0	0	0
1014	2004	1	3012	0	0	0	0	0
1004	2009	1	3025	0	0	0	0	0
1009	2009	1	3026	0	0	0	0	0
1014	2009	1	3027	0	0	0	0	0
1004	2014	1	3040	0	0	0	0	0
1009	2014	1	3041	0	0	0	0	0
1014	2014	1	3042	0	0	0	0	0
1004	2019	1	3055	0	0	0	0	0
1009	2019	1	3056	0	0	0	0	0
1014	2019	1	3057	0	0	0	0	0
1004	2024	1	3070	0	0	0	0	0
1009	2024	1	3071	0	0	0	0	0
1014	2024	1	3072	0	0	0	0	0
1004	2029	1	3085	0	0	0	0	0
1009	2029	1	3086	0	0	0	0	0
1014	2029	1	3087	0	0	0	0	0
1005	2005	1	3013	0	0	0	0	0
1010	2005	1	3014	0	0	0	0	0
1015	2005	1	3015	0	0	0	0	0
1005	2010	1	3028	0	0	0	0	0
1010	2010	1	3029	0	0	0	0	0
1015	2010	1	3030	0	0	0	0	0
1005	2015	1	3043	0	0	0	0	0
1010	2015	1	3044	0	0	0	0	0
1015	2015	1	3045	0	0	0	0	0
1005	2020	1	3058	0	0	0	0	0
1010	2020	1	3059	0	0	0	0	0
1015	2020	1	3060	0	0	0	0	0
1005	2025	1	3073	0	0	0	0	0
1010	2025	1	3074	0	0	0	0	0
1015	2025	1	3075	0	0	0	0	0
1005	2030	1	3088	0	0	0	0	0
1010	2030	1	3089	0	0	0	0	0
1015	2030	1	3090	0	0	0	0	0
1001	1006	3	1002	1007	1012	0	0	0
1001	1011	3	1002	1007	1012	0	0	0
1006	1011	3	1002	1007	1012	0	0	0
1002	1007	3	1003	1008	1013	0	0	0
1002	1012	3	1003	1008	1013	0	0	0
1007	1012	3	1003	1008	1013	0	0	0
1003	1008	3	1004	1009	1014	0	0	0
1003	1013	3	1004	1009	1014	0	0	0
1008	1013	3	1004	1009	1014	0	0	0
1004	1009	3	1005	1010	1015	0	0	0
1004	1014	3	1005	1010	1015	0	0	0
1009	1014	3	1005	1010	1015	0	0	0
2001	2006	6	2002	2007	2012	2017	2022	2027
2001	2011	6	2002	2007	2012	2017	2022	2027
2001	2016	6	2002	2007	2012	2017	2022	2027
2001	2021	6	2002	2007	2012	2017	2022	2027
2001	2026	6	2002	2007	2012	2017	2022	2027
2006	2011	6	2002	2007	2012	2017	2022	2027
2006	2016	6	2002	2007	2012	2017	2022	2027
2006	2021	6	2002	2007	2012	2017	2022	2027
2006	2026	6	2002	2007	2012	2017	2022	2027
2011	2016	6	2002	2007	2012	2017	2022	2027
2011	2021	6	2002	2007	2012	2017	2022	2027
2011	2026	6	2002	2007	2012	2017	2022	2027
2016	2021	6	2002	2007	2012	2017	2022	2027
2016	2026	6	2002	2007	2012	2017	2022	2027
2021	2026	6	2002	2007	2012	2017	2022	2027
2002	2007	6	2003	2008	2013	2018	2023	2028
2002	2012	6	2003	2008	2013	2018	2023	2028
2002	2017	6	2003	2008	2013	2018	2023	2028
2002	2022	6	2003	2008	2013	2018	2023	2028
2002	2027	6	2003	2008	2013	2018	2023	2028
2007	2012	6	2003	2008	2013	2018	2023	2028
2007	2017	6	2003	2008	2013	2018	2023	2028
2007	2022	6	2003	2008	2013	2018	2023	2028
2007	2027	6	2003	2008	2013	2018	2023	2028
2012	2017	6	2003	2008	2013	2018	2023	2028
2012	2022	6	2003	2008	2013	2018	2023	2028
2012	2027	6	2003	2008	2013	2018	2023	2028
2017	2022	6	2003	2008	2013	2018	2023	2028
2017	2027	6	2003	2008	2013	2018	2023	2028
2022	2027	6	2003	2008	2013	2018	2023	2028
2003	2008	6	2004	2009	2014	2019	2024	2029
2003	2013	6	2004	2009	2014	2019	2024	2029
2003	2018	6	2004	2009	2014	2019	2024	2029
2003	2023	6	2004	2009	2014	2019	2024	2029
2003	2028	6	2004	2009	2014	2019	2024	2029
2008	2013	6	2004	2009	2014	2019	2024	2029
2008	2018	6	2004	2009	2014	2019	2024	2029
2008	2023	6	2004	2009	2014	2019	2024	2029
2008	2028	6	2004	2009	2014	2019	2024	2029
2013	2018	6	2004	2009	2014	2019	2024	2029
2013	2023	6	2004	2009	2014	2019	2024	2029
2013	2028	6	2004	2009	2014	2019	2024	2029
2018	2023	6	2004	2009	2014	2019	2024	2029
2018	2028	6	2004	2009	2014	2019	2024	2029
2023	2028	6	2004	2009	2014	2019	2024	2029
2004	2009	6	2005	2010	2015	2020	2025	2030
2004	2014	6	2005	2010	2015	2020	2025	2030
2004	2019	6	2005	2010	2015	2020	2025	2030
2004	2024	6	2005	2010	2015	2020	2025	2030
2004	2029	6	2005	2010	2015	2020	2025	2030
2009	2014	6	2005	2010	2015	2020	2025	2030
2009	2019	6	2005	2010	2015	2020	2025	2030
2009	2024	6	2005	2010	2015	2020	2025	2030
2009	2029	6	2005	2010	2015	2020	2025	2030
2014	2019	6	2005	2010	2015	2020	2025	2030
2014	2024	6	2005	2010	2015	2020	2025	2030
2014	2029	6	2005	2010	2015	2020	2025	2030
2019	2024	6	2005	2010	2015	2020	2025	2030
2019	2029	6	2005	2010	2015	2020	2025	2030
2024	2029	6	2005	2010	2015	2020	2025	2030